noname,11,38,25,198,31,303,
noname,11,38,25,198,31,303,
noname,11,38,25,198,31,303,
noname,11,38,25,198,31,303,
noname,11,38,25,198,31,303,
noname,5,4,3,12,365,53,12,53,safe
noname,5,4,3,12,365,53,12,53,safe
noname,5,4,3,12,365,53,12,53,safe
noname,5,4,3,12,365,53,12,53,safe
noname,5,4,3,12,365,53,12,53,safe
noname,5,4,3,12,365,53,12,53,safe
noname,5,4,3,12,365,53,12,53,safe
noname,5,4,3,12,365,53,12,53,safe
noname,5,4,3,12,365,53,12,53,safe
noname,5,4,3,12,365,53,12,53,safe
noname,5,4,3,12,365,53,12,53,safe
noname,5,4,3,12,365,53,12,53,safe
noname,5,4,3,12,365,53,12,53,safe
noname,5,4,3,12,365,53,12,53,safe
noname,5,4,3,12,365,53,12,53,safe
noname,5,4,3,12,365,53,12,53,safe
noname,5,4,3,12,365,53,12,53,safe
noname,5,4,3,12,365,53,12,53,safe
noname,5,4,3,12,365,53,12,53,safe
noname,5,4,3,12,365,53,12,53,safe
noname,5,4,3,12,365,31,12,31,safe
noname,5,4,3,12,365,31,12,31,safe
noname,5,4,3,12,365,31,12,31,safe
noname,5,4,3,12,365,31,12,31,safe
noname,5,4,3,12,365,31,12,31,safe
noname,5,4,3,12,365,31,12,31,safe
noname,5,4,3,12,365,31,12,31,safe
